41.01
44.44
43.77
42.93
40.65
39.80
45.27
40.20
41.31
46.13
40.20
39.24
38.13
40.81
38.81
38.44
41.75
37.91
42.46
38.60
37.82
40.51
40.10
47.97
43.26
39.65
39.04
40.45
41.84
38.11
40.00
40.91
43.37
44.08
40.40
43.51
44.84
42.53
41.71
42.07
43.04
40.85
41.67
41.94
44.42
41.12
40.25
44.42
43.26
40.15
41.12
43.00
43.18
41.52
39.85
44.16
40.10
42.57
42.46
40.55
43.18
46.95
41.07
39.55
38.42
41.56
43.65
42.17
41.41
44.22
45.20
39.90
41.46
38.32
39.49
44.53
40.15
42.75
44.33
41.92
42.17
52.02
53.65
49.11
51.13
52.17
56.14
48.98
53.30
49.49
52.26
50.00
55.44
49.49
48.10
51.01
51.14
52.04
47.75
46.45
54.06
46.98
54.99
50.76
47.22
52.78
49.50
50.26
47.10
49.11
48.48
43.97
45.45
40.25
41.90
42.24
39.49
41.27
38.83
39.65
49.62
40.76
43.25
38.01
42.07
41.88
41.96
42.36
41.92
39.95
39.65
41.81
43.22
40.96
38.48
39.03
38.83
45.59
42.13
40.15
41.46
42.78
43.00
41.41
37.82
45.82
40.05
41.12
42.82
41.22
42.42
42.89
46.73
41.56
35.83
33.28
32.35
34.90
35.95
40.51
40.86
38.93
37.50
39.75
41.37
42.11
38.93
40.10
37.47
38.64
39.85
38.58
39.59
39.29
41.12
39.14
32.41
41.77
39.80
40.51
41.06
38.10
37.34
37.88
38.54
36.43
38.04
40.05
38.17
38.36
40.46
39.74
37.06
38.32
39.24
36.80
39.75
39.90
39.65
40.10
40.40
40.10
38.78
41.31
42.03
40.76
40.61
42.24
41.35
41.56
39.15
40.05
40.25
40.97
39.19
40.82
42.93
41.46
40.95
42.07
40.66
42.03
40.97
42.13
41.33
42.03
43.51
36.52
42.11
41.56
42.78
41.88
41.94
45.96
41.46
40.31
40.76
43.51
42.49
44.00
40.85
42.28
43.94
43.43
38.17
42.53
42.13
44.70
42.64
43.80
42.07
41.81
38.01
44.11
43.00
43.32
46.73
45.43
45.09
44.27
39.19
45.59
43.72
40.82
41.56
40.95
42.46
42.39
43.00
38.42
42.96
40.86
42.82
41.60
44.16
41.27
40.61
38.50
41.84
43.94
43.91
42.13
40.36
41.27
42.13
42.82
38.89
41.77
43.80
44.95
42.14
40.97
44.44
41.94
35.70
40.51
42.24
42.78
43.65
40.97
39.54
39.85
44.22
38.69
41.28
42.42
41.81
42.75
40.46
41.06
40.20
22.65
29.62
27.48
27.39
27.41
29.92
28.79
28.61
28.39
25.38
28.50
27.11
28.68
27.96
26.90
30.30
28.57
23.54
29.04
28.10
29.26
28.21
29.08
30.69
26.22
