41.73
40.70
40.81
39.60
41.41
38.58
37.37
38.42
39.03
40.50
38.10
38.58
37.34
40.25
39.85
39.44
38.13
37.53
40.65
38.73
41.01
42.50
37.82
41.75
40.85
51.76
42.86
40.40
38.75
40.56
46.23
42.36
41.81
40.55
41.75
38.68
41.67
39.54
41.58
40.76
37.34
42.64
39.10
37.47
40.46
40.05
43.80
47.96
38.04
38.42
38.44
41.01
38.29
38.15
37.40
40.97
40.25
40.97
38.64
39.85
39.03
40.05
38.42
41.22
41.88
37.31
39.44
39.39
42.35
39.14
37.28
40.00
45.43
42.28
41.21
41.22
40.71
39.55
43.94
38.87
43.39
41.81
40.56
53.28
52.02
62.78
58.46
51.54
58.21
49.62
51.87
52.53
50.76
52.81
49.87
50.63
51.79
54.18
57.03
53.15
50.63
48.85
48.72
53.88
48.98
50.25
51.25
41.41
45.02
38.87
42.28
40.10
39.90
43.72
47.76
39.34
41.56
41.56
41.94
42.61
45.84
41.88
42.07
42.93
38.93
43.25
41.06
37.50
41.58
40.82
42.24
47.85
40.46
46.25
41.35
41.62
41.71
37.88
41.67
46.75
43.15
39.49
42.61
40.00
40.05
40.76
39.29
41.77
43.65
41.60
40.55
42.71
41.92
45.15
47.61
41.21
38.79
43.83
42.17
41.96
41.12
43.00
41.77
42.39
40.30
40.40
43.40
42.64
43.48
42.42
40.25
40.90
41.06
36.18
45.98
43.04
43.29
46.21
42.46
41.69
42.75
42.89
41.73
43.69
42.82
42.17
41.07
44.22
44.56
39.90
39.70
41.07
38.99
41.94
41.73
39.34
39.24
41.84
35.70
41.43
42.03
40.92
41.62
42.32
43.15
41.06
39.14
43.18
46.84
44.02
44.11
46.17
42.53
43.15
47.19
41.62
44.33
46.46
39.59
41.01
44.84
40.97
43.72
43.11
40.40
43.47
42.11
41.52
42.49
42.24
40.82
41.37
39.80
40.86
41.92
44.81
42.09
41.27
42.78
43.40
37.25
43.22
44.95
42.32
41.31
42.03
40.70
45.82
45.04
40.76
43.77
41.27
44.56
43.40
41.31
40.10
41.01
36.71
40.92
45.57
40.41
36.32
42.93
38.87
38.32
42.11
42.75
42.68
42.49
46.15
43.72
41.75
44.61
43.32
38.52
41.15
38.79
39.59
43.80
40.41
38.32
43.15
42.61
38.48
42.53
39.03
40.20
40.46
42.13
39.34
45.01
42.78
43.15
43.29
40.76
43.91
44.16
43.08
44.11
39.95
43.51
43.69
41.98
43.40
40.76
41.85
44.59
40.46
43.54
44.81
24.04
24.62
24.17
27.14
27.48
26.65
20.10
23.98
23.86
23.29
26.13
24.23
25.00
26.45
25.57
