41.01
44.44
43.77
42.93
40.65
39.80
45.27
40.20
41.31
46.13
40.20
39.24
38.13
40.81
38.81
38.44
41.75
37.91
42.46
38.60
37.82
40.51
40.10
47.97
43.26
39.65
39.04
40.45
41.84
38.11
40.00
40.91
43.37
44.08
40.40
43.51
44.84
42.53
41.71
42.07
43.04
40.85
41.67
41.94
44.42
41.12
40.25
44.42
43.26
40.15
41.12
43.00
43.18
41.52
39.85
44.16
40.10
42.57
42.46
40.55
43.18
46.95
41.07
39.55
38.42
41.56
43.65
42.17
41.41
44.22
45.20
39.90
41.46
38.32
39.49
44.53
40.15
42.75
44.33
41.92
42.17
52.02
53.65
49.11
51.13
52.17
56.14
48.98
53.30
49.49
52.26
50.00
55.44
49.49
48.10
51.01
51.14
52.04
47.75
46.45
54.06
46.98
54.99
50.76
47.22
52.78
49.50
50.26
47.10
49.11
48.48
43.97
45.45
40.25
41.90
42.24
39.49
41.27
38.83
39.65
49.62
40.76
43.25
38.01
42.07
41.88
41.96
42.36
41.92
39.95
39.65
41.81
43.22
38.48
39.03
38.83
45.59
42.13
40.15
41.46
42.78
43.00
41.41
37.82
45.82
40.05
41.12
42.82
41.22
42.42
42.89
46.73
41.56
44.44
40.81
39.65
42.53
40.15
46.95
38.32
52.17
52.04
49.11
40.76
38.48
40.05
40.65
45.27
38.44
41.84
42.07
41.12
39.55
39.49
48.98
46.45
43.97
38.01
39.03
41.12
48.26
45.12
47.75
40.09
46.33
41.12
43.85
42.67
39.78
40.90
44.20
41.55
39.31
42.04
38.97
40.22
46.05
38.85
41.63
42.38
39.52
45.15
40.12
41.47
44.60
43.21
41.86
37.89
39.66
42.83
43.14
40.58
44.29
41.33
39.87
42.56
40.37
43.62
41.01
45.34
39.76
42.92
40.66
43.79
41.23
39.54
44.40
42.15
40.27
46.15
38.78
41.72
43.05
39.90
40.83
42.04
41.67
43.31
44.95
40.19
42.18
38.22
41.48
44.28
39.71
41.56
42.32
40.44
43.47
41.05
45.40
38.69
41.80
42.77
44.19
40.71
41.30
39.50
42.29
43.68
40.92
41.91
42.48
44.51
39.80
41.61
45.08
38.97
42.61
40.26
43.90
41.15
44.79
39.22
42.56
40.57
43.12
41.94
45.31
39.89
42.04
41.73
44.65
40.82
43.38
