41.73
40.70
40.81
39.60
41.41
38.58
37.37
38.42
39.03
40.50
38.10
38.58
37.34
40.25
39.85
39.44
38.13
37.53
40.65
38.73
41.01
42.50
37.82
41.75
40.85
51.76
42.86
40.40
38.75
40.56
46.23
42.36
41.81
40.55
41.75
38.68
41.67
39.54
41.58
40.76
37.34
42.64
39.10
37.47
40.46
40.05
43.80
47.96
38.04
38.42
38.44
41.01
38.29
38.15
37.40
40.97
40.25
40.97
38.64
39.85
39.03
40.05
38.42
41.22
41.88
37.31
39.44
39.39
42.35
39.14
37.28
40.00
45.43
42.28
41.21
41.22
40.71
39.55
43.94
38.87
43.39
41.81
40.56
53.28
52.02
62.78
58.46
51.54
58.21
49.62
51.87
52.53
50.76
52.81
49.87
50.63
51.79
54.18
57.03
53.15
50.63
48.85
48.72
53.88
48.98
50.25
51.25
41.41
45.02
38.87
42.28
40.10
39.90
43.72
47.76
39.34
41.56
41.56
41.94
42.61
45.84
41.88
42.07
42.93
38.93
43.25
41.06
37.50
41.58
40.82
42.24
47.85
40.46
46.25
41.35
41.62
41.71
37.88
41.67
46.75
43.15
39.49
42.61
40.00
40.05
40.76
39.29
41.77
43.65
41.60
40.55
42.71
47.61
43.77
38.81
39.04
41.71
41.12
41.07
39.49
48.98
46.45
43.97
43.25
38.48
39.03
40.05
41.31
41.75
40.  
43.04
43.18
41.56
40.15
52.26
50.76
42.24
41.88
45.59
42.42
39.73
47.40
41.27
45.88
48.62
41.68
40.80
40.90
39.70
41.55
38.65
37.45
38.50
39.15
40.45
38.25
38.60
37.40
40.30
39.95
39.50
38.20
37.60
40.70
38.80
41.10
42.55
37.90
41.70
40.90
51.85
42.90
40.45
38.80
40.50
46.10
42.40
41.90
40.60
41.80
38.75
41.60
39.60
41.50
41.20
40.85
39.75
38.55
37.65
40.20
38.70
41.35
42.45
37.95
41.80
40.75
44.70
42.80
40.30
38.85
40.65
46.15
42.30
41.70
40.50
41.85
38.70
41.75
39.55
41.40
41.85
40.55
38.65
37.55
40.45
38.90
41.20
42.65
37.85
41.65
40.95
43.80
42.70
40.60
38.80
40.55
46.30
42.50
41.75
40.60
41.55
38.80
41.55
39.50
41.45
41.90
