9.87
37.89
25.00
27.43
25.69
23.23
29.80
25.38
28.97
16.92
20.36
22.90
22.73
22.61
21.91
21.41
21.36
23.43
33.08
23.25
23.80
20.30
17.93
26.57
18.05
17.17
21.12
23.81
21.36
20.80
36.41
18.05
20.85
18.89
22.94
18.30
17.22
17.88
20.25
21.95
22.67
21.04
22.22
19.00
22.73
21.55
22.06
23.75
24.50
23.29
21.11
22.36
22.59
18.43
18.34
16.67
16.67
20.96
21.30
20.65
24.31
18.59
18.23
19.29
19.70
19.14
19.05
22.47
19.55
23.54
18.64
23.94
20.91
22.19
22.45
20.40
24.87
22.56
21.36
22.92
21.21
22.28
22.39
18.73
21.72
20.36
20.35
26.07
21.23
19.44
23.50
21.36
20.71
19.20
20.00
23.23
25.25
21.55
19.40
22.67
18.39
19.55
21.17
20.20
23.81
17.88
18.39
19.90
21.55
21.11
19.49
18.09
19.08
20.85
25.00
16.92
22.28
20.76
18.05
17.66
19.34
18.75
18.89
19.35
24.24
17.42
16.96
19.75
17.09
17.42
20.05
17.93
18.14
18.50
19.60
19.85
18.14
17.51
16.33
21.45
17.91
17.50
19.85
18.58
13.57
19.24
18.99
15.62
34.17
33.84
22.25
20.70
14.65
20.91
18.02
16.46
19.19
18.59
19.85
15.83
17.17
14.75
16.20
19.25
19.85
13.32
21.30
16.29
19.30
14.18
23.19
19.30
17.63
