10.46
38.19
35.35
34.43
25.45
21.21
20.41
17.51
16.96
20.41
23.10
26.79
21.86
19.59
18.53
19.70
19.70
21.77
17.63
18.23
22.28
16.96
24.22
30.23
20.30
19.04
21.52
17.79
37.12
25.44
21.37
16.33
20.30
15.82
15.95
19.65
23.93
22.56
20.30
20.66
20.85
18.78
17.05
17.30
13.81
19.14
17.22
15.19
20.65
16.67
17.35
23.12
22.22
19.95
21.77
19.14
20.97
21.88
21.21
18.11
20.85
17.18
17.35
20.71
14.86
22.56
21.66
23.48
18.75
18.37
19.44
18.53
22.11
19.44
19.95
21.52
22.47
22.08
19.75
19.80
20.40
21.57
24.37
22.73
19.49
22.28
22.53
24.75
19.59
22.47
21.16
22.08
24.06
15.19
19.70
22.98
22.14
21.77
19.80
21.17
18.64
22.92
25.19
24.43
19.70
19.49
20.31
21.21
19.34
17.48
17.77
17.97
17.05
18.18
17.51
18.07
19.21
21.53
24.18
20.64
17.11
18.50
17.92
19.18
17.14
21.83
15.87
16.91
20.35
16.75
19.24
18.67
20.00
20.75
17.26
19.80
17.68
16.92
17.59
23.99
17.88
20.40
14.03
13.24
18.53
15.66
22.08
15.44
16.92
16.20
16.12
18.83
17.93
14.25
19.54
20.20
16.79
16.88
19.70
32.49
13.16
20.35
15.27
16.12
13.92
16.79
17.35
15.33
15.70
17.78
20.97
16.35
15.84
